291 265
292 286
293 306
297 325
304 343
315 357
331 368
351 376
372 377
391 376
408 368
420 355
428 340
433 323
436 306
438 289
438 270
309 248
319 238
334 234
348 235
361 242
386 244
397 239
409 239
421 242
428 250
373 260
373 274
373 288
372 302
353 307
362 311
371 314
380 312
387 309
323 263
332 260
342 260
350 265
341 267
331 266
392 267
401 263
410 264
417 268
410 270
401 269
340 329
352 325
363 324
371 326
379 324
389 327
398 331
390 339
380 343
371 343
362 342
351 339
344 330
362 331
371 332
379 331
394 331
380 333
371 333
363 332
