215 159
216 186
218 213
222 237
231 260
245 280
265 294
287 304
309 306
329 303
345 291
358 277
369 259
377 240
382 219
385 197
387 175
242 154
256 144
274 143
291 148
307 156
334 159
346 154
358 151
370 152
378 158
319 177
319 194
319 211
320 228
296 233
305 237
315 241
325 238
333 235
258 177
270 176
282 176
290 180
280 183
269 183
337 183
348 181
357 182
364 184
357 188
347 187
278 258
293 256
305 255
312 257
319 256
327 258
335 261
327 267
318 270
311 271
303 270
291 267
283 259
304 262
311 263
319 262
330 261
319 259
311 260
303 259
